       0
       0
       0
       0
       0
       0
       0
       0
       0
      16
    -240
    1717
   -7844
   26629
  -80241
  497856
 1128580
 1022012
 1056397
 1046864
 1048813
 1048558
 1048575
 1048575
 1048575
 1048575
 1048575
 1048575
 1048575
 1048575
 1048575
 1048575
 1048575
 1048575
 1048575
 1048575
 1048575
 1048575
 1048575
 1048575
 1048575
 1048575
 1048575
 1048575
 1048575
 1048575
 1048575
 1048575
 1048575
 1048575
 1048575
 1048575
 1048575
 1048575
 1048575
 1048575
 1048575
 1048575
 1048575
 1048575
 1048575
 1048575
 1048575
 1048575
 1048575
 1048575
 1048575
 1048575
 1048575
 1048575
 1048575
 1048575
 1048575
 1048575
 1048575
